ABC 11.664661647783200  7.962481710774910  9.645800687740670
DEF  9.138524071139030  9.881759180060860 10.354049310374300
ABC  8.210030936502280 10.178055664601800  9.807390571968360
JKL 12.718563703714800  6.436168827073840 11.833714677826000
GHI 11.319825237804200 10.708881900136600  7.001327776287920
JKL  8.774218972887600  4.863479205175920 13.239149554427300
GHI 11.540455112920300  9.435348932452130  8.391066578132260
DEF 10.101818709403400  7.187073794995030 13.644689664726300
ABC  8.209427262583110 11.908310324534800 12.144482162925200
ABC 11.736868860132100  9.949592482039310  8.777805280089340
