Sets:
{4, 2, 1, 5, 7, 2, 1, 2}
{8, 1, 2, 4, 9, 1, 2, 4}
{1, 2, 4}
{1, 2, 4}
true
---------------
CartesianProduct:
{(a, 1), (a, 2), (a, 3), (b, 1), (b, 2), (b, 3), (c, 1), (c, 2), (c, 3)}
{(1, a), (1, b), (1, c), (2, a), (2, b), (2, c), (3, a), (3, b), (3, c)}
---------------
Relation:
{Mark Twain, Lewis Carroll, Charles Dickens, Stephen King}
{A Christmas Carol, Alice's Adventures in Wonderland, The Adventures of Tom Sawy
er, The Left Hand of Darkness}
{Mark Twain -> The Adventures of Tom Sawyer, Lewis Carroll -> Alice's Adventures
 in Wonderland, Charles Dickens -> A Christmas Carol}
{A Christmas Carol, Alice's Adventures in Wonderland, The Adventures of Tom Sawy
er}
{Charles Dickens, Lewis Carroll, Mark Twain}
{The Adventures of Tom Sawyer -> Mark Twain, Alice's Adventures in Wonderland ->
 Lewis Carroll, A Christmas Carol -> Charles Dickens}
---------------
Functions:
0
{0, 1, 2, 3, 4, 5, 6, 7, 8, 9, 10, 11, 12, 13, 14, 15, 16, 17, 18, 19, 20, 21, 2
2, 23, 24, 25, 26, 27, 28, 29, 30, 31, 32, 33, 34, 35, 36, 37, 38, 39, 40, 41, 4
2, 43, 44, 45, 46, 47, 48, 49, 50, 51, 52, 53, 54, 55, 56, 57, 58, 59, 60, 61, 6
2, 63, 64, 65, 66, 67, 68, 69, 70, 71, 72, 73, 74, 75, 76, 77, 78, 79, 80, 81, 8
2, 83, 84, 85, 86, 87, 88, 89, 90, 91, 92, 93, 94, 95, 96, 97, 98, 99, 100, 101,
 102, 103, 104, 105, 106, 107, 108, 109, 110, 111, 112, 113, 114, 115, 116, 117,
 118, 119, 120, 121, 122, 123, 124, 125, 126, 127, 128, 129, 130, 131, 132, 133,
 134, 135, 136, 137, 138, 139, 140, 141, 142, 143, 144, 145, 146, 147, 148, 149,
 150, 151, 152, 153, 154, 155, 156, 157, 158, 159, 160, 161, 162, 163, 164, 165,
 166, 167, 168, 169, 170, 171, 172, 173, 174, 175, 176, 177, 178, 179, 180, 181,
 182, 183, 184, 185, 186, 187, 188, 189, 190, 191, 192, 193, 194, 195, 196, 197,
 198, 199, 200, 201, 202, 203, 204, 205, 206, 207, 208, 209, 210, 211, 212, 213,
 214, 215, 216, 217, 218, 219, 220, 221, 222, 223, 224, 225, 226, 227, 228, 229,
 230, 231, 232, 233, 234, 235, 236, 237, 238, 239, 240, 241, 242, 243, 244, 245,
 246, 247, 248, 249, 250, 251, 252, 253, 254, 255}
{80, 16, 72, 8, 128, 64, 0, 74, 10, 66, 2, 76, 12, 68, 4, 78, 14, 70, 6, 82, 18,
 84, 20, 86, 22, 88, 24, 90, 26, 92, 28, 94, 30, 96, 32, 98, 34, 100, 36, 102, 3
8, 104, 40, 106, 42, 108, 44, 110, 46, 112, 48, 114, 50, 116, 52, 118, 54, 120,
56, 122, 58, 124, 60, 126, 62, 130, 132, 134, 136, 138, 140, 142, 144, 146, 148,
 150, 152, 154, 156, 158, 160, 162, 164, 166, 168, 170, 172, 174, 176, 178, 180,
 182, 184, 186, 188, 190, 192, 194, 196, 198, 200, 202, 204, 206, 208, 210, 212,
 214, 216, 218, 220, 222, 224, 226, 228, 230, 232, 234, 236, 238, 240, 242, 244,
 246, 248, 250, 252, 254}
{0, 1, 2, 3, 4}
{0, 2, 4, 1, 3}
---------------
Composition:
3
5
4
6
Is function composition an associative binary operation? true
---------------
InverseFunctions:
3
8
8
3
{A: "Hello World", B: 123, C: 456.789000}
22 serialization::archive 11 0 0 11 H e l l o   W o r l d  123 4.567889999999999
90e+002
{A: "Hello World", B: 123, C: 456.789000}
{A: "Hello World", B: 123, C: 456.789000}
---------------
